MEMORY
  total            13.3 MB
  struct          159.0 KB
  buffer          195.9 KB
  arena            13.0 MB, used 0.0%

SIZES
  narena                13631488
  nbuffer               200608
  nplugin               0
  maxuse_stack          1752
  maxuse_arena          1824
  maxuse_con            0
  maxuse_efc            0
  ncon                  0
  ne                    0
  nf                    0
  nl                    0
  nefc                  0
  nJ                    0
  nA                    0
  nisland               0
  threadpool            0

TIMER
    0:  duration =  0          number = 0
    1:  duration =  0.38       number = 14
    2:  duration =  0          number = 0
    3:  duration =  0.27       number = 14
    4:  duration =  0.043      number = 14
    5:  duration =  0          number = 0
    6:  duration =  0.0014     number = 14
    7:  duration =  0          number = 0
    8:  duration =  0.079      number = 14
    9:  duration =  0.017      number = 28
    10:  duration =  0.14       number = 14
    11:  duration =  0.022      number = 14
    12:  duration =  0.0021     number = 14
    13:  duration =  0.044      number = 14
    14:  duration =  0.0066     number = 14

ENERGY =   0         0       

TIME =  0       

QPOS
   0       
   0       
   0.04    
   1       
   0       
   0       
   0       

QVEL
   0       
   0       
   0       
   0       
   0       
   0       

QACC_WARMSTART
  -5.5e-17 
  -1.1e-16 
  -9.8     
  -4.4e-15 
   1.9e-15 
   6.8e-17 

QFRC_APPLIED
   0       
   0       
   0       
   0       
   0       
   0       

XFRC_APPLIED
   0         0         0         0         0         0       
   0         0         0         0         0         0       
   0         0         0         0         0         0       
   0         0         0         0         0         0       
   0         0         0         0         0         0       
   0         0         0         0         0         0       
   0         0         0         0         0         0       
   0         0         0         0         0         0       
   0         0         0         0         0         0       
   0         0         0         0         0         0       
   0         0         0         0         0         0       
   0         0         0         0         0         0       
   0         0         0         0         0         0       
   0         0         0         0         0         0       
   0         0         0         0         0         0       
   0         0         0         0         0         0       
   0         0         0         0         0         0       
   0         0         0         0         0         0       

QACC
  -5.5e-17 
  -1.1e-16 
  -9.8     
  -4.4e-15 
   1.9e-15 
   6.8e-17 

SENSOR
   1       
   0       
   0       
   0       
   0       
  -5.2e-18 
   0.04    
   0       
   0       
   0       
  -5.5e-17 
  -1.1e-16 
  -7.5e-18 

XPOS
   0         0         0       
   0         0         0       
   0         0         0.04    
   0        -0.0097    0.06    
   0         0.009     0.061   
   0        -0.0097    0.04    
   0.043     0.01      0.15    
   0.043    -0.01      0.15    
  -0.043     0.01      0.15    
  -0.043    -0.01      0.15    
   0         0         0.098   
   0         0         0.083   
   0         0         0.068   
   0         0         0.053   
   0         0         0.037   
   0         0         0.022   
   0         1         0       
   0        -1         0       

XQUAT
   1         0         0         0       
   1         0         0         0       
   1         0         0         0       
   0.71      0.71      0         0       
   3.7e-33   6.1e-17  -1         6.1e-17 
   0.71      0.71      0         0       
   0.71     -0.71      0         0       
   4.3e-17  -4.3e-17   0.71     -0.71    
   0.71     -0.71      0         0       
   4.3e-17  -4.3e-17   0.71     -0.71    
   1         0         0         0       
   1         0         0         0       
   1         0         0         0       
   1         0         0         0       
   1         0         0         0       
   1         0         0         0       
   1         0         0         0       
   1         0         0         0       

XMAT
   1         0         0         0         1         0         0         0         1       
   1         0         0         0         1         0         0         0         1       
   1         0         0         0         1         0         0         0         1       
   1         0         0         0         2.2e-16  -1         0         1         2.2e-16 
  -1        -1.2e-16   0        -1.2e-16   1        -1.2e-16   1.5e-32  -1.2e-16  -1       
   1         0         0         0         2.2e-16  -1         0         1         2.2e-16 
   1        -0         0         0         2.2e-16   1        -0        -1         2.2e-16 
  -1         0         1.2e-16  -1.2e-16   2.2e-16  -1        -2.5e-32  -1        -2.2e-16 
   1        -0         0         0         2.2e-16   1        -0        -1         2.2e-16 
  -1         0         1.2e-16  -1.2e-16   2.2e-16  -1        -2.5e-32  -1        -2.2e-16 
   1         0         0         0         1         0         0         0         1       
   1         0         0         0         1         0         0         0         1       
   1         0         0         0         1         0         0         0         1       
   1         0         0         0         1         0         0         0         1       
   1         0         0         0         1         0         0         0         1       
   1         0         0         0         1         0         0         0         1       
   1         0         0         0         1         0         0         0         1       
   1         0         0         0         1         0         0         0         1       

XIPOS
   0         0         0       
   0         0         0       
   0         0         0.08    
  -2.1e-05  -0.003     0.058   
   2.3e-06   0.009     0.066   
  -0.0011   -0.012     0.068   
   0.043    -0.022     0.14    
   0.043     0.022     0.14    
  -0.043    -0.022     0.14    
  -0.043     0.022     0.14    
   0.00046   8.7e-20   0.098   
  -0.00046   8.7e-20   0.082   
   0.00046   8.7e-20   0.068   
  -0.00046   8.7e-20   0.052   
   0.00046   8.7e-20   0.038   
  -0.00046   8.7e-20   0.022   
   0         1         0.2     
   0        -1         0.2     

XIMAT
   1         0         0         0         1         0         0         0         1       
   1         0         0         0         1         0         0         0         1       
   1         0         0         0         1         0         0         0         1       
  -0.00012  -1         0.0048   -1        -3.3e-05  -0.032     0.032    -0.0048   -1       
  -1.1e-16   1        -0.00013   1         6.6e-06   0.05      0.05     -0.00013  -1       
   0.0061   -1         0.07     -1        -0.0057    0.0056   -0.0052   -0.07     -1       
   1         0         0         0         0.97     -0.26      0         0.26      0.97    
  -1         1.2e-16  -3.1e-17  -1.2e-16  -0.97      0.26     -2.8e-32   0.26      0.97    
   1         0         0         0         0.97     -0.26      0         0.26      0.97    
  -1         1.2e-16  -3.1e-17  -1.2e-16  -0.97      0.26     -2.8e-32   0.26      0.97    
   2.2e-16  -0        -1         0         1        -0         1         0         2.2e-16 
   2.2e-16   0         1         0         1         0        -1         0         2.2e-16 
   2.2e-16  -0        -1         0         1        -0         1         0         2.2e-16 
   2.2e-16   0         1         0         1         0        -1         0         2.2e-16 
   2.2e-16  -0        -1         0         1        -0         1         0         2.2e-16 
   2.2e-16   0         1         0         1         0        -1         0         2.2e-16 
   1         0         0         0         1         0         0         0         1       
   1         0         0         0         1         0         0         0         1       

XANCHOR
   0         0         0.04    

XAXIS
   0         0         1       

GEOM_XPOS
   0         0         0       
  -2.1e-05  -0.003     0.058   
   2.3e-06   0.009     0.066   
  -0.0011   -0.012     0.068   
   0.043    -0.022     0.14    
   0.043     0.022     0.14    
  -0.043    -0.022     0.14    
  -0.043     0.022     0.14    
   0.00046   8.7e-20   0.098   
  -0.00046   8.7e-20   0.082   
   0.00046   8.7e-20   0.068   
  -0.00046   8.7e-20   0.052   
   0.00046   8.7e-20   0.038   
  -0.00046   8.7e-20   0.022   
   0         1         0.2     
   0        -1         0.2     

GEOM_XMAT
   1         0         0         0         1         0         0         0         1       
  -0.00012  -1         0.0048   -1        -3.3e-05  -0.032     0.032    -0.0048   -1       
  -1.1e-16   1        -0.00013   1         6.6e-06   0.05      0.05     -0.00013  -1       
   0.0061   -1         0.07     -1        -0.0057    0.0056   -0.0052   -0.07     -1       
   1         0         0         0         0.97     -0.26      0         0.26      0.97    
  -1         1.2e-16  -3.1e-17  -1.2e-16  -0.97      0.26     -2.8e-32   0.26      0.97    
   1         0         0         0         0.97     -0.26      0         0.26      0.97    
  -1         1.2e-16  -3.1e-17  -1.2e-16  -0.97      0.26     -2.8e-32   0.26      0.97    
   2.2e-16  -0        -1         0         1        -0         1         0         2.2e-16 
   2.2e-16   0         1         0         1         0        -1         0         2.2e-16 
   2.2e-16  -0        -1         0         1        -0         1         0         2.2e-16 
   2.2e-16   0         1         0         1         0        -1         0         2.2e-16 
   2.2e-16  -0        -1         0         1        -0         1         0         2.2e-16 
   2.2e-16   0         1         0         1         0        -1         0         2.2e-16 
   1         0         0         0         1         0         0         0         1       
   1         0         0         0         1         0         0         0         1       

SITE_XPOS
   0        -5.2e-18   0.04    

SITE_XMAT
   1         0         0         0         1         0         0         0         1       

SUBTREE_COM
  -2.3e-06  -4.8e-05   0.2     
   0         0         0       
  -8e-05    -0.0016    0.069   
  -2.1e-05  -0.003     0.058   
   2.3e-06   0.009     0.066   
  -0.0011   -0.012     0.068   
   0.043    -0.022     0.14    
   0.043     0.022     0.14    
  -0.043    -0.022     0.14    
  -0.043     0.022     0.14    
   0.00046   8.7e-20   0.098   
  -0.00046   8.7e-20   0.082   
   0.00046   8.7e-20   0.068   
  -0.00046   8.7e-20   0.052   
   0.00046   8.7e-20   0.038   
  -0.00046   8.7e-20   0.022   
   0         1         0.2     
   0        -1         0.2     

CDOF
   0         0         0         1         0         0       
   0         0         0         0         1         0       
   0         0         0         0         0         1       
   1         0         0         0        -0.029    -0.0016  
   0         1         0         0.029    -0         8e-05   
   0         0         1         0.0016   -8e-05     0       

CINERT
   0         0         0         0         0         0         0         0         0         0       
   0         0         0         0         0         0         0         0         0         0       
   0         0         0         0         0         0         0         0         0         0       
   8.7e-05   0.00014   6.2e-05   1.6e-08   1.3e-07  -3.6e-06   5.9e-06  -0.00014  -0.0012    0.1     
   3.8e-06   3.9e-06   1.3e-06  -4.4e-09   1.1e-09   3.4e-07   4.1e-07   5.3e-05  -1.7e-05   0.005   
   2e-05     2.4e-05   7.5e-06  -2.4e-07   9e-07    -6.1e-08  -2e-05    -0.0002   -1.6e-05   0.02    
   5.2e-05   6.4e-05   2.1e-05   7.6e-06  -2.6e-05   1.3e-05   0.00038  -0.00018   0.00061   0.0088  
   5.3e-05   6.4e-05   2.2e-05  -8.9e-06  -2.6e-05  -1.5e-05   0.00038   0.00021   0.00061   0.0088  
   5.2e-05   6.3e-05   2.1e-05  -7.6e-06   2.6e-05   1.3e-05  -0.00038  -0.00018   0.00061   0.0088  
   5.3e-05   6.3e-05   2.2e-05   8.9e-06   2.6e-05  -1.5e-05  -0.00038   0.00021   0.00061   0.0088  
   1.9e-05   2.3e-05   4.9e-06  -2e-08    -3.5e-07  -1.1e-06   1.2e-05   3.8e-05   0.00065   0.023   
   4.7e-06   9e-06     4.9e-06   1.4e-08   1.2e-07  -5.1e-07  -8.6e-06   3.8e-05   0.00031   0.023   
   6.7e-07   4.9e-06   4.9e-06  -2e-08     2.1e-08   6.3e-08   1.2e-05   3.8e-05  -3.8e-05   0.023   
   7e-06     1.1e-05   4.9e-06   1.4e-08  -1.4e-07   6.3e-07  -8.6e-06   3.8e-05  -0.00038   0.023   
   2.4e-05   2.8e-05   4.9e-06  -2e-08     3.9e-07   1.2e-06   1.2e-05   3.8e-05  -0.00073   0.023   
   5.1e-05   5.5e-05   4.9e-06   1.4e-08  -4e-07     1.8e-06  -8.6e-06   3.8e-05  -0.0011    0.023   
   0.13      0.13      0.13      0         0         0         0         0         0         5       
   0.13      0.13      0.13      0         0         0         0         0         0         5       

CRB
   0         0         0         0         0         0         0         0         0         0       
   0         0         0         0         0         0         0         0         0         0       
   0.00043   0.00055   0.00019  -2.5e-07   4.6e-07  -5.3e-06  -1.4e-19  -1.1e-19   2.4e-18   0.3     
   8.7e-05   0.00014   6.2e-05   1.6e-08   1.3e-07  -3.6e-06   5.9e-06  -0.00014  -0.0012    0.1     
   3.8e-06   3.9e-06   1.3e-06  -4.4e-09   1.1e-09   3.4e-07   4.1e-07   5.3e-05  -1.7e-05   0.005   
   2e-05     2.4e-05   7.5e-06  -2.4e-07   9e-07    -6.1e-08  -2e-05    -0.0002   -1.6e-05   0.02    
   5.2e-05   6.4e-05   2.1e-05   7.6e-06  -2.6e-05   1.3e-05   0.00038  -0.00018   0.00061   0.0088  
   5.3e-05   6.4e-05   2.2e-05  -8.9e-06  -2.6e-05  -1.5e-05   0.00038   0.00021   0.00061   0.0088  
   5.2e-05   6.3e-05   2.1e-05  -7.6e-06   2.6e-05   1.3e-05  -0.00038  -0.00018   0.00061   0.0088  
   5.3e-05   6.3e-05   2.2e-05   8.9e-06   2.6e-05  -1.5e-05  -0.00038   0.00021   0.00061   0.0088  
   1.9e-05   2.3e-05   4.9e-06  -2e-08    -3.5e-07  -1.1e-06   1.2e-05   3.8e-05   0.00065   0.023   
   4.7e-06   9e-06     4.9e-06   1.4e-08   1.2e-07  -5.1e-07  -8.6e-06   3.8e-05   0.00031   0.023   
   6.7e-07   4.9e-06   4.9e-06  -2e-08     2.1e-08   6.3e-08   1.2e-05   3.8e-05  -3.8e-05   0.023   
   7e-06     1.1e-05   4.9e-06   1.4e-08  -1.4e-07   6.3e-07  -8.6e-06   3.8e-05  -0.00038   0.023   
   2.4e-05   2.8e-05   4.9e-06  -2e-08     3.9e-07   1.2e-06   1.2e-05   3.8e-05  -0.00073   0.023   
   5.1e-05   5.5e-05   4.9e-06   1.4e-08  -4e-07     1.8e-06  -8.6e-06   3.8e-05  -0.0011    0.023   
   0.13      0.13      0.13      0         0         0         0         0         0         5       
   0.13      0.13      0.13      0         0         0         0         0         0         5       

QM
   0.3     
   0         0.3     
   0         0         0.3     
   0        -0.0087   -0.00049   0.00068 
   0.0087    0         2.4e-05  -2.9e-07   0.0008  
   0.00049  -2.4e-05   0         1.2e-06   9.1e-06   0.00019 

QLD
     0:  0.2     
     0:  0.00029    1:  0.19    
     0: -0.00087    1: -0.021      2:  0.3     
     0:  0.001      1: -13         2: -0.72       3:  0.00068 
     0:  11         1:  0.0015     2:  0.03       3: -0.00043    4:  0.0008  
     0:  2.6        1: -0.13       2:  0          3:  0.0062     4:  0.049      5:  0.00019 

QLDIAGINV
   4.9     
   5.3     
   3.4     
   1.5e+03 
   1.2e+03 
   5.4e+03 

B: body-dof matrix
--------
 xxxxxx |
        |
 xxxxxx |
 xxxxxx |
 xxxxxx |
 xxxxxx |
 xxxxxx |
 xxxxxx |
 xxxxxx |
 xxxxxx |
 xxxxxx |
 xxxxxx |
 xxxxxx |
 xxxxxx |
 xxxxxx |
 xxxxxx |
        |
        |
--------

B_rownnz              6 0 6 6 6 6 6 6 6 6 6 6 6 6 6 6 0 0

B_rowadr              0 6 6 12 18 24 30 36 42 48 54 60 66 72 78 84 90 90

B_colind              0 1 2 3 4 5 0 1 2 3 4 5 0 1 2 3 4 5 0 1 2 3 4 5 0 1 2 3 4 5 0 1 2 3 4 5 0 1 2 3 4 5 0 1 2 3 4 5 0 1 2 3 4 5 0 1 2 3 4 5 0 1 2 3 4 5 0 1 2 3 4 5 0 1 2 3 4 5 0 1 2 3 4 5 0 1 2 3 4 5

M: inertia matrix
--------
 x      |
 xx     |
 xxx    |
 xxxx   |
 xxxxx  |
 xxxxxx |
--------

M_rownnz              1 2 3 4 5 6

M_rowadr              0 1 3 6 10 15

M_colind              0 0 1 0 1 2 0 1 2 3 0 1 2 3 4 0 1 2 3 4 5

mapM2M                0 2 1 5 4 3 9 8 7 6 14 13 12 11 10 20 19 18 17 16 15

C: reduced dof-dof matrix
--------
 x      |
 xx     |
 xxx    |
 xxxx   |
 xxxxx  |
 xxxxxx |
--------

C_rownnz              1 2 3 4 5 6

C_rowadr              0 1 3 6 10 15

C_colind              0 0 1 0 1 2 0 1 2 3 0 1 2 3 4 0 1 2 3 4 5

mapM2C                0 2 1 5 4 3 9 8 7 6 14 13 12 11 10 20 19 18 17 16 15

D: dof-dof matrix
--------
 Dxxxxx |
 xDxxxx |
 xxDxxx |
 xxxDxx |
 xxxxDx |
 xxxxxD |
--------

D_rownnz              6 6 6 6 6 6

D_rowadr              0 6 12 18 24 30

D_colind              0 1 2 3 4 5 0 1 2 3 4 5 0 1 2 3 4 5 0 1 2 3 4 5 0 1 2 3 4 5 0 1 2 3 4 5

mapM2D                0 2 5 9 14 20 2 1 4 8 13 19 5 4 3 7 12 18 9 8 7 6 11 17 14 13 12 11 10 16 20 19 18 17 16 15

mapD2M                0 7 6 14 13 12 21 20 19 18 28 27 26 25 24 35 34 33 32 31 30

CONTACT
CVEL
   0         0         0         0         0         0       
   0         0         0         0         0         0       
   0         0         0         0         0         0       
   0         0         0         0         0         0       
   0         0         0         0         0         0       
   0         0         0         0         0         0       
   0         0         0         0         0         0       
   0         0         0         0         0         0       
   0         0         0         0         0         0       
   0         0         0         0         0         0       
   0         0         0         0         0         0       
   0         0         0         0         0         0       
   0         0         0         0         0         0       
   0         0         0         0         0         0       
   0         0         0         0         0         0       
   0         0         0         0         0         0       
   0         0         0         0         0         0       
   0         0         0         0         0         0       

CDOF_DOT
   0         0         0         0         0         0       
   0         0         0         0         0         0       
   0         0         0         0         0         0       
   0         0         0         0         0         0       
   0         0         0         0         0         0       
   0         0         0         0         0         0       

QFRC_BIAS
   0       
   0       
   2.9     
  -0.0048  
   0.00023 
   0       

QFRC_SPRING
   0       
   0       
   0       
   0       
   0       
   0       

QFRC_DAMPER
   0       
   0       
   0       
   0       
   0       
   0       

QFRC_GRAVCOMP
   0       
   0       
   0       
   0       
   0       
   0       

QFRC_FLUID
   0       
   0       
   0       
   0       
   0       
   0       

QFRC_PASSIVE
   0       
   0       
   0       
   0       
   0       
   0       

SUBTREE_LINVEL
   0         0         0       
   0         0         0       
   0         0         0       
   0         0         0       
   0         0         0       
   0         0         0       
   0         0         0       
   0         0         0       
   0         0         0       
   0         0         0       
   0         0         0       
   0         0         0       
   0         0         0       
   0         0         0       
   0         0         0       
   0         0         0       
   0         0         0       
   0         0         0       

SUBTREE_ANGMOM
   0         0         0       
   0         0         0       
   0         0         0       
   0         0         0       
   0         0         0       
   0         0         0       
   0         0         0       
   0         0         0       
   0         0         0       
   0         0         0       
   0         0         0       
   0         0         0       
   0         0         0       
   0         0         0       
   0         0         0       
   0         0         0       
   0         0         0       
   0         0         0       

QFRC_ACTUATOR
   0       
   0       
   0       
   0       
   0       
   0       

QFRC_SMOOTH
   0       
   0       
  -2.9     
   0.0048  
  -0.00023 
   0       

QACC_SMOOTH
  -5.5e-17 
  -1.1e-16 
  -9.8     
  -4.4e-15 
   1.9e-15 
   6.8e-17 

QFRC_CONSTRAINT
   0       
   0       
   0       
   0       
   0       
   0       

QFRC_INVERSE
   0       
   0       
   0       
   0       
   0       
   0       

CACC
   0         0         0        -0        -0         9.8     
   0         0         0         0         0         9.8     
  -4.4e-15   1.9e-15   6.8e-17  -2.5e-19   1.8e-17   0       
  -4.4e-15   1.9e-15   6.8e-17  -2.5e-19   1.8e-17   0       
  -4.4e-15   1.9e-15   6.8e-17  -2.5e-19   1.8e-17   0       
  -4.4e-15   1.9e-15   6.8e-17  -2.5e-19   1.8e-17   0       
  -4.4e-15   1.9e-15   6.8e-17  -2.5e-19   1.8e-17   0       
  -4.4e-15   1.9e-15   6.8e-17  -2.5e-19   1.8e-17   0       
  -4.4e-15   1.9e-15   6.8e-17  -2.5e-19   1.8e-17   0       
  -4.4e-15   1.9e-15   6.8e-17  -2.5e-19   1.8e-17   0       
  -4.4e-15   1.9e-15   6.8e-17  -2.5e-19   1.8e-17   0       
  -4.4e-15   1.9e-15   6.8e-17  -2.5e-19   1.8e-17   0       
  -4.4e-15   1.9e-15   6.8e-17  -2.5e-19   1.8e-17   0       
  -4.4e-15   1.9e-15   6.8e-17  -2.5e-19   1.8e-17   0       
  -4.4e-15   1.9e-15   6.8e-17  -2.5e-19   1.8e-17   0       
  -4.4e-15   1.9e-15   6.8e-17  -2.5e-19   1.8e-17   0       
   0         0         0         0         0         9.8     
   0         0         0         0         0         9.8     

CFRC_INT
  -1.9e-18   1e-18     5.6e-22  -7.4e-20   5.5e-18   98      
   0         0         0         0         0         0       
  -1.9e-18   1e-18     5.6e-22  -7.4e-20   5.5e-18   4.8e-34 
  -3.7e-19   2.6e-19  -3.1e-21  -2.2e-18  -3.3e-18   6e-19   
  -1.7e-20   7.5e-21   7.5e-22  -3.8e-20   1.4e-20  -2.4e-19 
  -9.1e-20   4.6e-20  -4e-21    -2.2e-20   2.9e-19   9.4e-19 
  -2.3e-19   8.7e-20   1.5e-19   1.2e-18   2.9e-18   7.7e-20 
  -2.7e-19   1.6e-19   9.7e-20   1.1e-18   2.9e-18  -1.6e-18 
  -2.5e-19   1.5e-19  -9.7e-20   1.2e-18   2.9e-18   1.5e-18 
  -2.3e-19   7.9e-20  -1.5e-19   1.1e-18   2.9e-18  -2.1e-19 
  -9.7e-20   4.4e-20   9.3e-23   1.2e-18   3.3e-18  -1.9e-19 
  -2.6e-20   1.7e-20  -1.3e-21   5.7e-19   1.8e-18  -1.5e-19 
  -2.3e-21   9.4e-21   6e-22    -8e-20     2.5e-19  -1.9e-19 
  -2.4e-20   2.1e-20   2e-21    -7.3e-19  -1.3e-18  -1.5e-19 
  -9.2e-20   5.3e-20   1.1e-21  -1.4e-18  -2.8e-18  -1.9e-19 
  -2.1e-19   1e-19     5.3e-21  -2e-18    -4.3e-18  -1.5e-19 
   0         0         0         0         0         49      
   0         0         0         0         0         49      

CFRC_EXT
   0         0         0         0         0         0       
   0         0         0         0         0         0       
   0         0         0         0         0         0       
   0         0         0         0         0         0       
   0         0         0         0         0         0       
   0         0         0         0         0         0       
   0         0         0         0         0         0       
   0         0         0         0         0         0       
   0         0         0         0         0         0       
   0         0         0         0         0         0       
   0         0         0         0         0         0       
   0         0         0         0         0         0       
   0         0         0         0         0         0       
   0         0         0         0         0         0       
   0         0         0         0         0         0       
   0         0         0         0         0         0       
   0         0         0         0         0         0       
   0         0         0         0         0         0       

